0	file:/Users/samantha/Desktop/Digital_Humanity/Mallet/mallet-2.0.8/All/.DS_Store	0.010403615776594877	0.0023869288845490165	0.007785035740233588	0.008698508130353852	0.005280346443772153	0.00855168488167891	0.015441300360696037	0.0023690727307540353	0.007271630929890596	0.012897787353679246	0.004228124169627083	0.8863543257825387	0.00713722893768894	0.0035449910563346365	0.003557627056155183	0.003596339135030447	0.008132608821130961	0.0023628438092917706
1	file:/Users/samantha/Desktop/Digital_Humanity/Mallet/mallet-2.0.8/All/BereishitRabbah39.txt	6.18802371152474E-4	1.419734528118741E-4	4.630504123769211E-4	5.17383337883494E-4	3.140726234107617E-4	5.086503573148768E-4	9.184415766653453E-4	1.4091137684278112E-4	4.3251332596163327E-4	0.9935387420631371	2.5148691742138407E-4	4.688190945747881E-4	4.245191561222294E-4	2.1085446814647475E-4	2.1160605171306775E-4	2.1390862869348135E-4	4.8372390236603923E-4	1.4054088340537032E-4
2	file:/Users/samantha/Desktop/Digital_Humanity/Mallet/mallet-2.0.8/All/BereishitRabbah390.txt	6.18802371152474E-4	1.419734528118741E-4	4.630504123769211E-4	5.17383337883494E-4	3.140726234107617E-4	5.086503573148768E-4	9.184415766653453E-4	1.4091137684278112E-4	4.3251332596163327E-4	0.9935387420631371	2.5148691742138407E-4	4.688190945747881E-4	4.245191561222294E-4	2.1085446814647475E-4	2.1160605171306775E-4	2.1390862869348135E-4	4.8372390236603923E-4	1.4054088340537032E-4
3	file:/Users/samantha/Desktop/Digital_Humanity/Mallet/mallet-2.0.8/All/BereishitRabbah45.txt	7.237209856061779E-5	1.6604520601231523E-5	5.415611129715572E-5	6.051062450389245E-5	3.673239779986994E-5	5.9489257812515964E-5	1.0741643440182512E-4	1.6480305390855218E-5	5.0584643037127414E-5	8.97226462048256E-5	2.941267975497412E-5	5.483078815046409E-5	4.964968403486933E-5	2.4660507234680955E-5	2.4748408772383056E-5	0.9991796179365866	5.657398156532853E-5	1.643697429062298E-5
4	file:/Users/samantha/Desktop/Digital_Humanity/Mallet/mallet-2.0.8/All/BereishitRabbah451.txt	7.237209856061779E-5	1.6604520601231523E-5	5.415611129715572E-5	6.051062450389245E-5	3.673239779986994E-5	5.9489257812515964E-5	1.0741643440182512E-4	1.6480305390855218E-5	5.0584643037127414E-5	8.97226462048256E-5	2.941267975497412E-5	5.483078815046409E-5	4.964968403486933E-5	2.4660507234680955E-5	2.4748408772383056E-5	0.9991796179365866	5.657398156532853E-5	1.643697429062298E-5
5	file:/Users/samantha/Desktop/Digital_Humanity/Mallet/mallet-2.0.8/All/BereishitRabbah47:1.txt	2.987726053281619E-4	6.854818333200383E-5	2.2357182931680066E-4	2.498050670441653E-4	1.5164178473317855E-4	2.4558857486766213E-4	4.4344559021477315E-4	6.803538761703048E-5	0.9967187771108281	3.704006004620662E-4	1.2142390693170314E-4	2.263570872439107E-4	2.0496801595981423E-4	1.0180558726023932E-4	1.0216846980688277E-4	1.0328020912055989E-4	2.335534854209473E-4	6.785650451199964E-5
6	file:/Users/samantha/Desktop/Digital_Humanity/Mallet/mallet-2.0.8/All/BereishitRabbah47:12.txt	2.987726053281619E-4	6.854818333200383E-5	2.2357182931680066E-4	2.498050670441653E-4	1.5164178473317855E-4	2.4558857486766213E-4	4.4344559021477315E-4	6.803538761703048E-5	0.9967187771108281	3.704006004620662E-4	1.2142390693170314E-4	2.263570872439107E-4	2.0496801595981423E-4	1.0180558726023932E-4	1.0216846980688277E-4	1.0328020912055989E-4	2.335534854209473E-4	6.785650451199964E-5
7	file:/Users/samantha/Desktop/Digital_Humanity/Mallet/mallet-2.0.8/All/BereishitRabbah53.txt	1.0608228389114142E-4	2.4338736934936163E-5	7.938147555930266E-5	8.869585620314203E-5	5.384197403291215E-5	8.719874732463128E-5	1.5744991392289552E-4	2.415666354653359E-5	7.414645381192045E-5	1.3151453965636539E-4	0.9988039344455235	8.037041000933099E-5	7.277600044278059E-5	3.6147119973007465E-5	3.627596515039543E-5	3.667069961862722E-5	8.292556513666131E-5	2.4093149261780576E-5
8	file:/Users/samantha/Desktop/Digital_Humanity/Mallet/mallet-2.0.8/All/BereishitRabbah533.txt	1.0608228389114142E-4	2.4338736934936163E-5	7.938147555930266E-5	8.869585620314203E-5	5.384197403291215E-5	8.719874732463128E-5	1.5744991392289552E-4	2.415666354653359E-5	7.414645381192045E-5	1.3151453965636539E-4	0.9988039344455235	8.037041000933099E-5	7.277600044278059E-5	3.6147119973007465E-5	3.627596515039543E-5	3.667069961862722E-5	8.292556513666131E-5	2.4093149261780576E-5
9	file:/Users/samantha/Desktop/Digital_Humanity/Mallet/mallet-2.0.8/All/BereishitRabbah55:71.txt	1.1372228593647605E-4	2.6091602664661483E-5	8.509849647353091E-5	9.508369494443538E-5	5.7719650650041E-5	9.347876490602532E-5	1.6878939135762992E-4	2.5896416426414687E-5	0.43219699552545254	1.4098616220360375E-4	0.11047624786926881	8.615865357209E-5	7.801729778140763E-5	0.4561627877773005	3.8888545100407735E-5	3.931170818116591E-5	8.889782991090728E-5	2.5828327869241984E-5
10	file:/Users/samantha/Desktop/Digital_Humanity/Mallet/mallet-2.0.8/All/BereishitRabbah56:44.txt	2.4601700230872576E-4	5.6444326810102516E-5	1.8409476059153587E-4	2.0569587927324947E-4	1.248657227587031E-4	0.9973284269460602	3.6514443709400875E-4	5.602207770712356E-5	1.7195414379793844E-4	3.049973249017963E-4	9.998354955984176E-5	1.863882131827853E-4	1.6877590500713658E-4	8.382932353698857E-5	8.412813030415293E-5	8.504356488022188E-5	1.9231391144079643E-4	5.587478078471987E-5
11	file:/Users/samantha/Desktop/Digital_Humanity/Mallet/mallet-2.0.8/All/BereishitRabbah56:76.txt	3.573760823122469E-4	8.199373293246204E-5	2.6742486778150864E-4	2.9880368751993166E-4	1.81385930223611E-4	0.8603247743439986	5.30426300548981E-4	8.138035365880878E-5	2.4978882626473E-4	4.430537241988558E-4	1.4524089352381024E-4	2.7075644687700977E-4	2.45171964352543E-4	1.2177449097985462E-4	1.2220855200334267E-4	0.13591790901970963	2.793644000206507E-4	8.116638309347678E-5
12	file:/Users/samantha/Desktop/Digital_Humanity/Mallet/mallet-2.0.8/All/BereishitRabbah56:85.txt	1.7380596723594503E-4	3.9876759427792186E-5	1.3005917325798893E-4	0.007483332577814096	0.014764240386929134	0.8220002846494453	2.5796705705042206E-4	3.9578449095298695E-5	0.06616359599094815	2.1547435568054765E-4	7.06363274727008E-5	1.316794504835104E-4	0.007457249373086661	5.922369805074444E-5	5.9434798904328834E-5	6.008153466015772E-5	0.08085400506361701	3.94743868401334E-5
13	file:/Users/samantha/Desktop/Digital_Humanity/Mallet/mallet-2.0.8/All/BereishitRabbah58.txt	1.2783961889907715E-4	2.933057943435699E-5	9.566251037318677E-5	1.068872580700904E-4	6.488489113040566E-5	1.0508309415639074E-4	1.8974268137223165E-4	2.9111163036714818E-5	8.935379264421629E-5	1.5848799641804564E-4	5.1955185015494414E-5	9.685427396056884E-5	8.770226111601523E-5	4.3560846091798575E-5	4.37161172433055E-5	4.419181122475168E-5	9.993348799824105E-5	0.9985357024318151
14	file:/Users/samantha/Desktop/Digital_Humanity/Mallet/mallet-2.0.8/All/BereishitRabbah584.txt	1.2783961889907715E-4	2.933057943435699E-5	9.566251037318677E-5	1.068872580700904E-4	6.488489113040566E-5	1.0508309415639074E-4	1.8974268137223165E-4	2.9111163036714818E-5	8.935379264421629E-5	1.5848799641804564E-4	5.1955185015494414E-5	9.685427396056884E-5	8.770226111601523E-5	4.3560846091798575E-5	4.37161172433055E-5	4.419181122475168E-5	9.993348799824105E-5	0.9985357024318151
15	file:/Users/samantha/Desktop/Digital_Humanity/Mallet/mallet-2.0.8/All/BereishitRabbah60.txt	2.4601700230872576E-4	5.6444326810102516E-5	1.8409476059153587E-4	2.0569587927324947E-4	1.248657227587031E-4	2.0222391180694808E-4	3.6514443709400875E-4	5.602207770712356E-5	1.7195414379793844E-4	3.049973249017963E-4	9.998354955984176E-5	1.863882131827853E-4	1.6877590500713658E-4	8.382932353698857E-5	0.9972103311645575	8.504356488022188E-5	1.9231391144079643E-4	5.587478078471987E-5
16	file:/Users/samantha/Desktop/Digital_Humanity/Mallet/mallet-2.0.8/All/BereishitRabbah605.txt	2.4601700230872576E-4	5.6444326810102516E-5	1.8409476059153587E-4	2.0569587927324947E-4	1.248657227587031E-4	2.0222391180694808E-4	3.6514443709400875E-4	5.602207770712356E-5	1.7195414379793844E-4	3.049973249017963E-4	9.998354955984176E-5	1.863882131827853E-4	1.6877590500713658E-4	8.382932353698857E-5	0.9972103311645575	8.504356488022188E-5	1.9231391144079643E-4	5.587478078471987E-5
17	file:/Users/samantha/Desktop/Digital_Humanity/Mallet/mallet-2.0.8/All/EinYaakovRoshHashanah1:10.txt	1.545290527689333E-4	3.545400632595174E-5	1.1563423953208859E-4	1.2920240911918758E-4	7.843109086012247E-5	1.2702158487217543E-4	2.2935579028466693E-4	3.518878175487113E-5	1.0800843320350432E-4	1.915759775618627E-4	6.28020139297911E-5	1.1707481092825369E-4	0.9983009127893056	5.2655165451432024E-5	5.284285299439668E-5	5.341785893538586E-5	1.2079688107060863E-4	3.509626110109023E-5
18	file:/Users/samantha/Desktop/Digital_Humanity/Mallet/mallet-2.0.8/All/EinYaakovRoshHashanah1:106.txt	1.545290527689333E-4	3.545400632595174E-5	1.1563423953208859E-4	1.2920240911918758E-4	7.843109086012247E-5	1.2702158487217543E-4	2.2935579028466693E-4	3.518878175487113E-5	1.0800843320350432E-4	1.915759775618627E-4	6.28020139297911E-5	1.1707481092825369E-4	0.9983009127893056	5.2655165451432024E-5	5.284285299439668E-5	5.341785893538586E-5	1.2079688107060863E-4	3.509626110109023E-5
19	file:/Users/samantha/Desktop/Digital_Humanity/Mallet/mallet-2.0.8/All/MidrashEinYaakovBavaBatra5:233.txt	2.207907645584996E-4	5.065660484616975E-5	0.056095360641790284	0.028149675462469444	1.1206216698977262E-4	1.8148815602523515E-4	3.277030395610576E-4	5.0277652572928596E-5	1.543222074972923E-4	2.73723327743256E-4	8.973137686999254E-5	0.9136929403160459	1.5146986084651066E-4	7.523358248600634E-5	7.55017500271045E-5	7.63233172279759E-5	1.7259431317256973E-4	5.0145459269988456E-5
20	file:/Users/samantha/Desktop/Digital_Humanity/Mallet/mallet-2.0.8/All/MidrashEinYaakovBerakhot6:21.txt	1.8321711373302165E-4	4.203598347960034E-5	1.3710154327718391E-4	0.7118051297402263	9.299169209178611E-5	1.5060293029087128E-4	0.0080072824963718	4.1721520409169624E-5	0.23992382278718097	0.01569783611049552	7.446110309135737E-5	0.023344851112589	1.2569307768526303E-4	6.243050911320672E-5	6.26530405355474E-5	6.33347953706392E-5	1.432226206084494E-4	4.161182345029565E-5
21	file:/Users/samantha/Desktop/Digital_Humanity/Mallet/mallet-2.0.8/All/MidrashEinYaakovMenachot4:36.txt	9.370574166253225E-4	2.1499154354159906E-4	7.012009704828572E-4	7.834777573640443E-4	4.756027042655095E-4	7.702533345231512E-4	0.0013908034798710478	2.133832333439433E-4	6.549584144721546E-4	0.0011617083480736916	3.8082866540257895E-4	0.9897638932290798	6.428527786714635E-4	3.1929862007034433E-4	3.204367491211074E-4	3.239235599955208E-4	7.325070029496577E-4	2.1282219214642783E-4
22	file:/Users/samantha/Desktop/Digital_Humanity/Mallet/mallet-2.0.8/All/MidrashEinYaakovMoedKatan1:44.txt	4.906240507092011E-4	1.1256516419289869E-4	0.8496384661668889	4.102128899879414E-4	2.4901582459625857E-4	4.032888533308744E-4	7.281961861976544E-4	1.1172308594884346E-4	3.4292279710207955E-4	6.082466723621328E-4	1.993940810146757E-4	3.7170821243253884E-4	0.14533412897364562	1.6717821083892925E-4	1.6777411187466959E-4	1.6959973455787987E-4	3.8352564803797524E-4	1.1142933628094041E-4
23	file:/Users/samantha/Desktop/Digital_Humanity/Mallet/mallet-2.0.8/All/MidrashEinYaakovRoshHashanah4:10.txt	0.022518323423331706	0.0074877802693755135	0.8938091436516157	1.4748440551672065E-4	8.952900250383349E-5	1.4499499707766958E-4	2.6180937811111035E-4	4.0167955019997136E-5	1.2329150571113926E-4	2.1868376413888341E-4	7.168842866655589E-5	1.3364076574460501E-4	1.2101270138940118E-4	0.07453320142051859	6.032005759657821E-5	6.0976426235162495E-5	1.3788950464954568E-4	4.006234279717623E-5
24	file:/Users/samantha/Desktop/Digital_Humanity/Mallet/mallet-2.0.8/All/MidrashEinYaakovSanhedrin11:1057.txt	9.426143384915532E-5	0.7362618550393895	0.19507470452293924	7.881239237614896E-5	4.784231152884427E-5	7.748210776744335E-5	1.399051198881435E-4	2.1464863494497462E-5	0.05578136098687765	1.1685974910515487E-4	3.8308704904110166E-5	7.141465858991254E-5	0.012003697231989302	3.211921192863434E-5	3.2233699765053866E-5	3.2584448595116706E-5	7.368509034509922E-5	2.1408426667054473E-5
25	file:/Users/samantha/Desktop/Digital_Humanity/Mallet/mallet-2.0.8/All/MidrashEinYaakovShabat2:105.txt	4.6236147489430976E-5	0.7437493241888562	0.1776729795665555	3.865824281571952E-5	2.3467117799447416E-5	0.052743898992819116	6.86248181629235E-5	1.052872371918604E-5	3.231686053992015E-5	5.732084029031836E-5	1.8790791289150307E-5	3.50295826472848E-5	3.1719546061208884E-5	1.575478495641339E-5	0.02539272251559397	1.5982988053380843E-5	3.6143251442791246E-5	1.0501040907977531E-5
26	file:/Users/samantha/Desktop/Digital_Humanity/Mallet/mallet-2.0.8/All/MidrashEinYaakovShabbat16:122.txt	0.04526080766444103	3.065418632932403E-5	9.997949151579207E-5	0.9252192903138375	6.78129645246459E-5	1.0982519985809211E-4	1.9830523711361723E-4	3.0424868284241238E-5	9.338607902642129E-5	0.028370139491784022	5.429977698885459E-5	1.0122503605574481E-4	9.166001850628964E-5	4.552662506206209E-5	4.568890316572228E-5	4.618606388413306E-5	1.0444320639806364E-4	3.0344873224325134E-5
27	file:/Users/samantha/Desktop/Digital_Humanity/Mallet/mallet-2.0.8/All/MidrashTanchumaAchreiMot1:1.txt	5.0472783206368725E-5	1.1580103178156175E-5	3.776883245290799E-5	4.220051225554618E-5	2.5617418696931386E-5	4.1488204327306776E-5	7.491293625848628E-5	0.5966744263544507	3.527806671857115E-5	6.257317060945576E-5	2.0512598616271034E-5	3.823935658069553E-5	3.462602008780654E-5	1.7198401872685927E-5	1.7259704990105253E-5	1.7447515305912454E-5	0.4027869347651261	1.1463255266038649E-5
28	file:/Users/samantha/Desktop/Digital_Humanity/Mallet/mallet-2.0.8/All/MidrashTanchumaAchreiMot1:17.txt	5.0472783206368725E-5	1.1580103178156175E-5	3.776883245290799E-5	4.220051225554618E-5	2.5617418696931386E-5	4.1488204327306776E-5	7.491293625848628E-5	0.6009363044464491	3.527806671857115E-5	6.257317060945576E-5	2.0512598616271034E-5	3.823935658069553E-5	3.462602008780654E-5	1.7198401872685927E-5	1.7259704990105253E-5	1.7447515305912454E-5	0.3985250566731276	1.1463255266038649E-5
29	file:/Users/samantha/Desktop/Digital_Humanity/Mallet/mallet-2.0.8/All/MidrashTanchumaBeshalach11:29.txt	0.2778167127031793	8.868418462043154E-5	2.892459642734511E-4	0.29407278307405	1.9618649801868965E-4	3.177301199762626E-4	5.737075540171512E-4	8.802075537039582E-5	2.701708727279072E-4	0.11471516035473778	1.5709213076457577E-4	2.9284939059661124E-4	0.31033419726107414	1.3171093757875362E-4	1.321804167275473E-4	1.3361872901755222E-4	3.0215972784425766E-4	8.778932542519659E-5
30	file:/Users/samantha/Desktop/Digital_Humanity/Mallet/mallet-2.0.8/All/MidrashTanchumaBuberVayera46:93.txt	0.22974665336196304	1.38358751820088E-4	4.5126096335166064E-4	5.042105508057634E-4	3.060762085821383E-4	0.17871850454095134	0.5101030709019397	0.07651852569910068	4.215013633915192E-4	7.476225081725222E-4	2.450839597428886E-4	4.5688277258948515E-4	4.1371072831917696E-4	2.0548602890634772E-4	2.0621847685420522E-4	2.0846242930214515E-4	4.71408098002599E-4	1.3696265620464823E-4
31	file:/Users/samantha/Desktop/Digital_Humanity/Mallet/mallet-2.0.8/All/MidrashTanchumaKiTisa14:310.txt	3.628508718441142E-4	8.324982826999266E-5	2.715216580793328E-4	0.5518020205768942	1.8416465504926568E-4	0.18413114017038384	5.385521167448601E-4	8.262705238981572E-5	2.536154428708652E-4	0.2608797540916176	1.4746589783388737E-4	2.74904274989784E-4	2.4892785337359924E-4	1.2364000392675207E-4	1.2408071450756977E-4	1.2543089043413452E-4	2.8364409686805513E-4	8.240980392238231E-5
32	file:/Users/samantha/Desktop/Digital_Humanity/Mallet/mallet-2.0.8/All/MidrashTanchumaMasei10:18.txt	2.5949344576101514E-4	5.953626261665432E-5	1.9417919625123575E-4	2.1696359190847726E-4	1.317056803067397E-4	2.1330143525692154E-4	3.851465032611279E-4	5.909088333931475E-5	1.81373534626755E-4	3.217046222168844E-4	1.0546049887292827E-4	1.9659828074542862E-4	1.7802119666825267E-4	0.8217659879078629	8.873654346320774E-5	8.970212417626271E-5	0.1754940627749541	5.8935517711793775E-5
33	file:/Users/samantha/Desktop/Digital_Humanity/Mallet/mallet-2.0.8/All/MidrashTanchumaShmini,Siman2:12.txt	5.112646752192765E-5	1.1730079687063247E-5	3.8257985057996025E-5	0.04321349335405341	0.5375017405498893	4.2025527350263086E-5	0.045405166758659306	1.1642329227351012E-5	3.573496085898109E-5	0.10583171198886426	2.077826187347616E-5	3.873460304910727E-5	3.5074469426316E-5	1.742114222585582E-5	1.748323929367388E-5	1.7673481982929586E-5	0.2676985930825273	1.1611718451475038E-5
34	file:/Users/samantha/Desktop/Digital_Humanity/Mallet/mallet-2.0.8/All/MidrashTanchumaVayera19:10.txt	0.2303292120767803	5.953626261665432E-5	1.9417919625123575E-4	2.1696359190847726E-4	1.317056803067397E-4	2.1330143525692154E-4	3.851465032611279E-4	5.909088333931475E-5	1.81373534626755E-4	0.5481067489817867	1.0546049887292827E-4	1.9659828074542862E-4	0.15355783361734782	8.842136850822277E-5	8.873654346320774E-5	8.970212417626271E-5	0.06593705390304012	5.8935517711793775E-5
35	file:/Users/samantha/Desktop/Digital_Humanity/Mallet/mallet-2.0.8/All/MidrashTanchumaVayera23:97.txt	5.880747949550184E-4	0.04979144981171226	0.07492484633849543	4.916918785755728E-4	2.9847686793649735E-4	4.8339254748595373E-4	0.54709462389967	1.3391420735721357E-4	4.1103621663002353E-4	0.32349648107784484	2.389989507005444E-4	4.4553916689038146E-4	4.03439009495236E-4	2.0038416771036294E-4	2.010984302478393E-4	2.0328666925394228E-4	4.59703853702036E-4	1.3356211133690947E-4
36	file:/Users/samantha/Desktop/Digital_Humanity/Mallet/mallet-2.0.8/All/PirkeiDeRabbiEliezer29:5.txt	2.914206168687651E-4	6.686139731554168E-5	2.1807032924728135E-4	2.436580377072877E-4	1.4791028916953365E-4	2.3954530203746546E-4	4.325335895711783E-4	6.636122012084523E-5	2.0368910355167844E-4	0.9969571160979847	1.1843599188682735E-4	2.207870494846187E-4	1.9992430558942448E-4	9.930042618023569E-5	9.965437916557581E-5	1.0073876157149682E-4	2.2780636370079923E-4	6.618673884684009E-5
37	file:/Users/samantha/Desktop/Digital_Humanity/Mallet/mallet-2.0.8/All/PirkeiDeRabbiEliezer29:59.txt	2.914206168687651E-4	6.686139731554168E-5	2.1807032924728135E-4	2.436580377072877E-4	1.4791028916953365E-4	2.3954530203746546E-4	4.325335895711783E-4	6.636122012084523E-5	2.0368910355167844E-4	0.9969571160979847	1.1843599188682735E-4	2.207870494846187E-4	1.9992430558942448E-4	9.930042618023569E-5	9.965437916557581E-5	1.0073876157149682E-4	2.2780636370079923E-4	6.618673884684009E-5
38	file:/Users/samantha/Desktop/Digital_Humanity/Mallet/mallet-2.0.8/All/PirkeiDeRabbiEliezer30:3.txt	5.231324449678451E-4	1.2002365044542174E-4	3.9146051415245807E-4	4.373932989761053E-4	2.655154327808043E-4	4.300104806649717E-4	0.9946655819777773	1.1912577670680239E-4	3.656446132714195E-4	6.485486563416671E-4	2.1260578840874924E-4	3.9633732937343437E-4	3.588863818739107E-4	1.7825531800795354E-4	1.7889070301473233E-4	1.8083729013469932E-4	4.089377797031436E-4	1.188125633986564E-4
39	file:/Users/samantha/Desktop/Digital_Humanity/Mallet/mallet-2.0.8/All/PirkeiDeRabbiEliezer30:311.txt	5.231324449678451E-4	1.2002365044542174E-4	3.9146051415245807E-4	4.373932989761053E-4	2.655154327808043E-4	4.300104806649717E-4	0.9946655819777773	1.1912577670680239E-4	3.656446132714195E-4	6.485486563416671E-4	2.1260578840874924E-4	3.9633732937343437E-4	3.588863818739107E-4	1.7825531800795354E-4	1.7889070301473233E-4	1.8083729013469932E-4	4.089377797031436E-4	1.188125633986564E-4
40	file:/Users/samantha/Desktop/Digital_Humanity/Mallet/mallet-2.0.8/All/PirkeiDeRabbiEliezer32:3.txt	0.010403615776594877	0.0023869288845490165	0.007785035740233588	0.008698508130353852	0.005280346443772153	0.00855168488167891	0.015441300360696037	0.0023690727307540353	0.007271630929890596	0.012897787353679246	0.004228124169627083	0.447118173750361	0.44637338096986656	0.0035449910563346365	0.003557627056155183	0.003596339135030447	0.008132608821130961	0.0023628438092917706
41	file:/Users/samantha/Desktop/Digital_Humanity/Mallet/mallet-2.0.8/All/PirkeiDeRabbiEliezer32:310.txt	3.4190004834719416E-4	7.844302582421312E-5	2.5584413660859734E-4	2.8586410861184704E-4	1.7353108219136178E-4	2.810389711886266E-4	0.996513621364444	7.785620870438699E-5	2.3897181709514031E-4	4.23867452863401E-4	1.389512924213918E-4	2.5903144295113287E-4	2.3455488661457756E-4	1.1650109342541327E-4	1.1691635760301575E-4	1.1818857506310781E-4	2.6726663199047606E-4	7.765150405219383E-5
42	file:/Users/samantha/Desktop/Digital_Humanity/Mallet/mallet-2.0.8/All/PirkeiDeRabbiEliezer32:312.txt	3.4190004834719416E-4	7.844302582421312E-5	2.5584413660859734E-4	2.8586410861184704E-4	1.7353108219136178E-4	2.810389711886266E-4	0.996513621364444	7.785620870438699E-5	2.3897181709514031E-4	4.23867452863401E-4	1.389512924213918E-4	2.5903144295113287E-4	2.3455488661457756E-4	1.1650109342541327E-4	1.1691635760301575E-4	1.1818857506310781E-4	2.6726663199047606E-4	7.765150405219383E-5
43	file:/Users/samantha/Desktop/Digital_Humanity/Mallet/mallet-2.0.8/All/PirkeiDeRabbiEliezer5:1.txt	3.1052348148499976E-4	7.124421770311312E-5	2.3236502130163418E-4	2.596300254032571E-4	1.5760593205064845E-4	2.552476964783414E-4	4.608865273019811E-4	7.071125347592364E-5	2.17041094261046E-4	3.849686415301803E-4	1.2619956998577284E-4	0.9966079437023128	2.130295106507718E-4	1.0580965197914231E-4	1.0618680687803306E-4	1.0734227145554204E-4	2.4273926093796623E-4	7.052533480880883E-5
44	file:/Users/samantha/Desktop/Digital_Humanity/Mallet/mallet-2.0.8/All/PirkeiDeRabbiEliezer5:18.txt	3.1052348148499976E-4	7.124421770311312E-5	2.3236502130163418E-4	2.596300254032571E-4	1.5760593205064845E-4	2.552476964783414E-4	4.608865273019811E-4	7.071125347592364E-5	2.17041094261046E-4	3.849686415301803E-4	1.2619956998577284E-4	0.9966079437023128	2.130295106507718E-4	1.0580965197914231E-4	1.0618680687803306E-4	1.0734227145554204E-4	2.4273926093796623E-4	7.052533480880883E-5
45	file:/Users/samantha/Desktop/Digital_Humanity/Mallet/mallet-2.0.8/All/SeferHaYashar(midrash)BookofGenesis,Vayera188.txt	0.958371728671273	2.4448234417872622E-5	7.97386046818517E-5	8.909488976955515E-5	0.027047469249585534	8.759104555164215E-5	1.5815826494822638E-4	2.4265341899956753E-5	7.448003110817758E-5	1.32106210091048E-4	4.330676607755182E-5	8.073198824661251E-5	7.310341220979091E-5	3.630974216096353E-5	0.013533131690014518	3.6835677337746033E-5	8.329863875497689E-5	2.4201541870946362E-5
46	file:/Users/samantha/Desktop/Digital_Humanity/Mallet/mallet-2.0.8/All/SeferHaYashar(midrash)BookofGenesis,Vayera219.txt	0.6389500056265865	2.4448234417872622E-5	7.97386046818517E-5	8.909488976955515E-5	0.045043059280272094	0.11256002873734264	0.202608546110172	2.4265341899956753E-5	7.448003110817758E-5	1.32106210091048E-4	4.330676607755182E-5	8.073198824661251E-5	7.310341220979091E-5	3.630974216096353E-5	3.643916699959893E-5	3.6835677337746033E-5	8.329863875497689E-5	2.4201541870946362E-5
